Connect Four
{"grid":[[0,0,0,0,0,0],[0,0,0,0,0,1],[0,0,0,0,0,0],[0,0,0,0,0,0],[0,0,0,0,0,0],[0,0,0,0,0,0],[0,0,0,0,0,0]],"height":6,"player":2,"width":7}
{"move":0}
{"grid":[[0,0,0,0,0,2],[0,0,0,0,0,1],[0,0,0,0,0,0],[0,0,0,0,0,0],[0,0,0,0,0,0],[0,0,0,0,0,0],[0,0,0,0,0,1]],"height":6,"player":2,"width":7}
{"move":2}
{"grid":[[0,0,0,0,0,2],[0,0,0,0,0,1],[0,0,0,0,0,2],[0,0,0,0,0,0],[0,0,0,0,0,1],[0,0,0,0,0,0],[0,0,0,0,0,1]],"height":6,"player":2,"width":7}
{"move":2}
{"grid":[[0,0,0,0,0,2],[0,0,0,0,1,1],[0,0,0,0,2,2],[0,0,0,0,0,0],[0,0,0,0,0,1],[0,0,0,0,0,0],[0,0,0,0,0,1]],"height":6,"player":2,"width":7}
{"move":4}
{"grid":[[0,0,0,0,0,2],[0,0,0,0,1,1],[0,0,0,0,2,2],[0,0,0,0,0,1],[0,0,0,0,2,1],[0,0,0,0,0,0],[0,0,0,0,0,1]],"height":6,"player":2,"width":7}
{"move":0}
{"grid":[[0,0,0,0,2,2],[0,0,0,0,1,1],[0,0,0,1,2,2],[0,0,0,0,0,1],[0,0,0,0,2,1],[0,0,0,0,0,0],[0,0,0,0,0,1]],"height":6,"player":2,"width":7}
{"move":3}
{"grid":[[0,0,0,0,2,2],[0,0,0,0,1,1],[0,0,0,1,2,2],[0,0,0,1,2,1],[0,0,0,0,2,1],[0,0,0,0,0,0],[0,0,0,0,0,1]],"height":6,"player":2,"width":7}
{"move":1}
{"grid":[[0,0,0,0,2,2],[0,0,1,2,1,1],[0,0,0,1,2,2],[0,0,0,1,2,1],[0,0,0,0,2,1],[0,0,0,0,0,0],[0,0,0,0,0,1]],"height":6,"player":2,"width":7}
{"move":4}
{"grid":[[0,0,0,0,2,2],[0,0,1,2,1,1],[0,0,1,1,2,2],[0,0,0,1,2,1],[0,0,0,2,2,1],[0,0,0,0,0,0],[0,0,0,0,0,1]],"height":6,"player":2,"width":7}
{"move":3}
{"grid":[[0,0,0,0,2,2],[0,0,1,2,1,1],[0,0,1,1,2,2],[0,0,2,1,2,1],[0,0,0,2,2,1],[0,0,0,0,0,0],[0,0,0,0,1,1]],"height":6,"player":2,"width":7}
{"move":2}
{"grid":[[0,0,0,0,2,2],[0,1,1,2,1,1],[0,2,1,1,2,2],[0,0,2,1,2,1],[0,0,0,2,2,1],[0,0,0,0,0,0],[0,0,0,0,1,1]],"height":6,"player":2,"width":7}
{"move":2}
{"grid":[[0,0,0,0,2,2],[0,1,1,2,1,1],[2,2,1,1,2,2],[0,1,2,1,2,1],[0,0,0,2,2,1],[0,0,0,0,0,0],[0,0,0,0,1,1]],"height":6,"player":2,"width":7}
{"move":1}
